[#0001,989,3,7,0]
[#0002,1744,2,1,0]
[#0003,1973,3,0,0]
[#0004,2045,5,1,0]
[#0005,1500,0,0,0]
[#0006,1832,2,0,0]
[#0007,1452,1,2,0]
[#0008,1209,0,2,0]
[#0009,1629,2,2,0]
[#0010,1572,2,2,0]
[#0011,1716,3,2,0]
[#0012,1221,0,2,0]
[#0013,1347,2,5,0]
[#0014,1716,3,1,0]
[#0015,1904,3,1,0]
[#0016,1477,1,2,0]
[#0017,1579,1,1,0]
[#0018,1757,2,1,0]
[#0019,1281,0,2,0]
[#0020,1393,1,3,0]
[#0021,1564,1,1,0]
[#0022,1501,0,0,0]
[#0023,1792,2,0,0]
[#0024,1503,0,0,0]
[#0025,1770,2,0,0]
[#0026,1505,0,0,0]
[#0027,1506,0,0,0]
[#0028,1507,0,0,0]
[#0029,1508,0,0,0]
[#0030,1669,1,0,0]
[#0031,1510,0,0,0]
[#0032,1511,0,0,0]
[#0033,1512,0,0,0]
[#0034,1513,0,0,0]
[#0035,1680,1,0,0]
[#0036,1888,3,0,0]
[#0037,1516,0,0,0]
[#0038,1517,0,0,0]
[#0039,1518,0,0,0]
[#0040,1519,0,0,0]
[#0041,1515,0,0,0]
[#0042,1342,0,1,0]
[#0043,1189,0,2,0]
[#0044,1190,0,2,0]
[#0045,1191,0,2,0]
[#0046,1512,1,1,0]
[#0047,1566,1,1,0]
[#0048,1493,1,1,0]
[#0049,1648,1,0,0]
[#0050,1169,0,2,0]
[#0051,1501,0,0,0]
[#0052,1499,0,0,0]